1 1
2 1
3 1
4 1
5 1
5 2
5 3
5 4
5 5
5 6
5 7
5 8
5 9
4 9
3 9
3 10
3 11
2 11
1 11
1 12
1 13
1 14
1 15
1 16
1 17
1 18
1 19
2 19
3 19
3 20
3 21
4 21
5 21
5 20
5 19
5 18
5 17
5 16
5 15
6 15
7 15
7 14
7 13
8 13
9 13
9 12
9 11
9 10
9 9
9 8
9 7
10 7
11 7
11 6
11 5
11 4
11 3
12 3
13 3
14 3
15 3
15 4
15 5
15 6
15 7
15 8
15 9
15 10
15 11
15 12
15 13
15 14
15 15
15 16
15 17
16 17
17 17
17 18
17 19
17 20
17 21
17 22
17 23
17 24
17 25
17 26
17 27
17 28
17 29
16 29
15 29
15 30
15 31
15 32
15 33
15 34
15 35
16 35
17 35
18 35
19 35
19 34
19 33
19 32
19 31
20 31
21 31
21 32
21 33
21 34
21 35
22 35
23 35
24 35
25 35
26 35
27 35
28 35
29 35
30 35
31 35
31 34
31 33
32 33
33 33
33 32
33 31
34 31
35 31
35 32
35 33
35 34
35 35
35 36
35 37
35 38
35 39
35 40
35 41
35 42
35 43
36 43
37 43
37 44
37 45
37 46
37 47
38 47
39 47
40 47
41 47
41 48
41 49
42 49
43 49
43 48
43 47
44 47
45 47
45 48
45 49
46 49
47 49
48 49
49 49
49 48
49 47
49 46
49 45
49 44
49 43
50 43
51 43
52 43
53 43
53 42
53 41
53 40
53 39
53 38
53 37
53 36
53 35
53 34
53 33
54 33
55 33
56 33
57 33
58 33
59 33
59 32
59 31
59 30
59 29
59 28
59 27
59 26
59 25
60 25
61 25
61 26
61 27
61 28
61 29
62 29
63 29
63 28
63 27
63 26
63 25
63 24
63 23
63 22
63 21
63 20
63 19
63 18
63 17
64 17
65 17
65 16
65 15
66 15
67 15
67 16
67 17
67 18
67 19
68 19
69 19
69 20
69 21
69 22
69 23
69 24
69 25
69 26
69 27
69 28
69 29
70 29
71 29
72 29
73 29
73 30
73 31
73 32
73 33
73 34
73 35
73 36
73 37
73 38
73 39
73 40
73 41
73 42
73 43
73 44
73 45
73 46
73 47
73 48
73 49
73 50
73 51
73 52
73 53
73 54
73 55
74 55
75 55
76 55
77 55
77 56
77 57
77 58
77 59
78 59
79 59
79 60
79 61
80 61
81 61
81 60
81 59
82 59
83 59
83 58
83 57
84 57
85 57
86 57
87 57
87 58
87 59
87 60
87 61
88 61
89 61
89 62
89 63
88 63
87 63
87 64
87 65
87 66
87 67
88 67
89 67
89 68
89 69
89 70
89 71
90 71
91 71
91 72
91 73
91 74
91 75
91 76
91 77
91 78
91 79
91 80
91 81
91 82
91 83
91 84
91 85
91 86
91 87
91 88
91 89
91 90
91 91
90 91
89 91
89 92
89 93
90 93
91 93
91 94
91 95
91 96
91 97
91 98
91 99
92 99
93 99
93 98
93 97
94 97
95 97
95 96
95 95
96 95
97 95
97 94
97 93
97 92
97 91
98 91
99 91
99 92
99 93
99 94
99 95
99 96
99 97
99 98
99 99
