1 1
1 2
1 3
1 4
1 5
1 6
1 7
1 8
1 9
2 9
3 9
3 10
3 11
3 12
3 13
4 13
5 13
5 12
5 11
6 11
7 11
7 10
7 9
8 9
9 9
9 8
9 7
9 6
9 5
10 5
11 5
11 6
11 7
11 8
11 9
11 10
11 11
11 12
11 13
11 14
11 15
11 16
11 17
11 18
11 19
11 20
11 21
11 22
11 23
11 24
11 25
11 26
11 27
11 28
11 29
11 30
11 31
11 32
11 33
11 34
11 35
11 36
11 37
10 37
9 37
9 38
9 39
9 40
9 41
9 42
9 43
9 44
9 45
9 46
9 47
9 48
9 49
9 50
9 51
9 52
9 53
9 54
9 55
9 56
9 57
8 57
7 57
7 58
7 59
7 60
7 61
6 61
5 61
5 62
5 63
5 64
5 65
4 65
3 65
3 66
3 67
2 67
1 67
1 68
1 69
1 70
1 71
1 72
1 73
1 74
1 75
1 76
1 77
1 78
1 79
1 80
1 81
1 82
1 83
1 84
1 85
1 86
1 87
1 88
1 89
2 89
3 89
3 90
3 91
3 92
3 93
3 94
3 95
3 96
3 97
4 97
5 97
5 96
5 95
5 94
5 93
5 92
5 91
6 91
7 91
7 92
7 93
7 94
7 95
7 96
7 97
8 97
9 97
9 96
9 95
10 95
11 95
11 94
11 93
11 92
11 91
11 90
11 89
11 88
11 87
12 87
13 87
13 86
13 85
13 84
13 83
13 82
13 81
13 80
13 79
14 79
15 79
16 79
17 79
18 79
19 79
19 78
19 77
19 76
19 75
19 74
19 73
20 73
21 73
21 72
21 71
21 70
21 69
21 68
21 67
22 67
23 67
23 66
23 65
23 64
23 63
23 62
23 61
23 60
23 59
23 58
23 57
23 56
23 55
23 54
23 53
23 52
23 51
23 50
23 49
23 48
23 47
23 46
23 45
23 44
23 43
23 42
23 41
23 40
23 39
23 38
23 37
23 36
23 35
24 35
25 35
25 34
25 33
26 33
27 33
27 34
27 35
28 35
29 35
29 36
29 37
29 38
29 39
29 40
29 41
30 41
31 41
32 41
33 41
33 42
33 43
33 44
33 45
33 46
33 47
34 47
35 47
35 48
35 49
36 49
37 49
37 48
37 47
37 46
37 45
38 45
39 45
40 45
41 45
41 44
41 43
41 42
41 41
41 40
41 39
40 39
39 39
39 38
39 37
39 36
39 35
40 35
41 35
42 35
43 35
44 35
45 35
45 36
45 37
45 38
45 39
46 39
47 39
48 39
49 39
49 38
49 37
49 36
49 35
49 34
49 33
50 33
51 33
51 34
51 35
52 35
53 35
54 35
55 35
55 34
55 33
55 32
55 31
55 30
55 29
56 29
57 29
58 29
59 29
60 29
61 29
62 29
63 29
63 28
63 27
63 26
63 25
63 24
63 23
63 22
63 21
63 20
63 19
64 19
65 19
65 18
65 17
66 17
67 17
67 18
67 19
67 20
67 21
67 22
67 23
67 24
67 25
68 25
69 25
69 24
69 23
69 22
69 21
69 20
69 19
69 18
69 17
69 16
69 15
69 14
69 13
70 13
71 13
72 13
73 13
74 13
75 13
75 14
75 15
76 15
77 15
77 16
77 17
76 17
75 17
75 18
75 19
76 19
77 19
78 19
79 19
79 20
79 21
79 22
79 23
80 23
81 23
81 24
81 25
81 26
81 27
81 28
81 29
81 30
81 31
82 31
83 31
84 31
85 31
86 31
87 31
87 30
87 29
88 29
89 29
90 29
91 29
91 30
91 31
91 32
91 33
92 33
93 33
93 32
93 31
94 31
95 31
95 30
95 29
95 28
95 27
96 27
97 27
97 28
97 29
97 30
97 31
97 32
97 33
97 34
97 35
97 36
97 37
97 38
97 39
98 39
99 39
99 38
99 37
99 36
99 35
100 35
101 35
102 35
103 35
103 34
103 33
104 33
105 33
105 32
105 31
105 30
105 29
106 29
107 29
108 29
109 29
109 30
109 31
110 31
111 31
111 32
111 33
112 33
113 33
114 33
115 33
115 34
115 35
115 36
115 37
116 37
117 37
118 37
119 37
120 37
121 37
121 38
121 39
122 39
123 39
123 40
123 41
123 42
123 43
122 43
121 43
121 44
121 45
122 45
123 45
123 46
123 47
123 48
123 49
122 49
121 49
121 50
121 51
121 52
121 53
121 54
121 55
121 56
121 57
121 58
121 59
122 59
123 59
123 58
123 57
124 57
125 57
126 57
127 57
127 56
127 55
128 55
129 55
129 56
129 57
130 57
131 57
131 56
131 55
131 54
131 53
131 52
131 51
131 50
131 49
132 49
133 49
133 50
133 51
133 52
133 53
134 53
135 53
135 54
135 55
135 56
135 57
135 58
135 59
135 60
135 61
136 61
137 61
137 60
137 59
137 58
137 57
138 57
139 57
140 57
141 57
141 58
141 59
142 59
143 59
143 60
143 61
143 62
143 63
143 64
143 65
142 65
141 65
141 66
141 67
141 68
141 69
140 69
139 69
138 69
137 69
137 70
137 71
137 72
137 73
138 73
139 73
139 74
139 75
140 75
141 75
141 76
141 77
141 78
141 79
141 80
141 81
140 81
139 81
139 80
139 79
138 79
137 79
136 79
135 79
134 79
133 79
133 80
133 81
133 82
133 83
133 84
133 85
133 86
133 87
132 87
131 87
131 88
131 89
131 90
131 91
130 91
129 91
129 92
129 93
128 93
127 93
127 92
127 91
127 90
127 89
127 88
127 87
127 86
127 85
127 84
127 83
126 83
125 83
125 84
125 85
125 86
125 87
124 87
123 87
122 87
121 87
121 88
121 89
121 90
121 91
121 92
121 93
121 94
121 95
121 96
121 97
121 98
121 99
121 100
121 101
121 102
121 103
121 104
121 105
121 106
121 107
121 108
121 109
121 110
121 111
122 111
123 111
124 111
125 111
125 112
125 113
125 114
125 115
125 116
125 117
126 117
127 117
127 118
127 119
128 119
129 119
129 118
129 117
130 117
131 117
131 118
131 119
131 120
131 121
132 121
133 121
133 122
133 123
132 123
131 123
131 124
131 125
131 126
131 127
132 127
133 127
134 127
135 127
136 127
137 127
137 128
137 129
137 130
137 131
136 131
135 131
135 132
135 133
135 134
135 135
136 135
137 135
137 136
137 137
137 138
137 139
137 140
137 141
137 142
137 143
138 143
139 143
139 144
139 145
139 146
139 147
140 147
141 147
141 146
141 145
142 145
143 145
143 146
143 147
144 147
145 147
145 148
145 149
145 150
145 151
145 152
145 153
146 153
147 153
147 154
147 155
148 155
149 155
150 155
151 155
152 155
153 155
153 156
153 157
154 157
155 157
155 156
155 155
155 154
155 153
155 152
155 151
155 150
155 149
156 149
157 149
157 150
157 151
157 152
157 153
158 153
159 153
159 152
159 151
160 151
161 151
161 152
161 153
162 153
163 153
164 153
165 153
165 154
165 155
166 155
167 155
167 156
167 157
167 158
167 159
167 160
167 161
166 161
165 161
165 162
165 163
165 164
165 165
166 165
167 165
167 166
167 167
167 168
167 169
168 169
169 169
